(0,1,638.0675969927124)
(0,3,1400.881419228444)
(0,5,170.33568723580242)
(0,10,387.88373015873026)
(0,14,189.0)
(0,16,155.81085475833834)
(0,19,81.31666666666673)
(0,20,129.72368643069495)
(0,24,100.27857142857144)
(0,28,90.1)
(0,29,51.05595238095239)
(0,31,53.51757032457873)
(0,33,152.83333333333331)
(0,36,177.28072254542838)
(0,38,79.68333333333332)
(0,44,22.941666666666666)
(0,59,189.0)
(0,109,189.0)
(0,118,119.58333333333326)
(0,125,561.0)
(0,208,98.10000000000001)
(0,220,189.0)
(0,241,106.845238095238)
(1,4,390.68820068820094)
(1,5,105.21626984126983)
(1,10,2216.617471301409)
(1,16,81.85400432900433)
(1,19,52.1166666666667)
(1,20,34.75515873015877)
(1,21,278.0)
(1,22,40.70086580086581)
(1,24,529.747269281208)
(1,25,110.4593253968254)
(1,27,72.51785714285714)
(1,28,62.949999999999996)
(1,29,41.95357142857144)
(1,31,31.554761904761907)
(1,33,407.32015854153946)
(1,34,65.88401287727663)
(1,44,330.5718363807751)
(1,62,120.98095238095246)
(1,65,40.745238095238136)
(1,66,186.5)
(1,68,42.840476190476195)
(1,73,57.35264297106406)
(1,82,110.4593253968254)
(1,83,189.0)
(1,105,69.58401287727656)
(1,146,186.5)
(1,149,280.0)
(1,241,82.15476190476187)
(1,253,189.0)
(1,254,81.95027870680039)
(1,257,94.76190476190476)
(1,275,148.2142857142857)
(1,330,189.0)
(1,372,189.0)
(1,382,189.0)
(1,446,189.0)
(1,463,96.42857142857144)
(1,473,189.0)
(1,525,189.0)
(1,605,189.0)
(1,644,110.95932539682536)
(1,656,189.0)
(1,660,92.54338118022335)
(1,672,71.6725607725607)
(1,688,189.0)
(1,706,189.0)
(1,774,110.4593253968254)
(1,1121,189.0)
(1,1150,189.0)
(1,1325,189.0)
(1,1389,189.0)
(1,1667,189.0)
(2,6,4.0)
(2,216,3.0)
(3,10,743.2490653250375)
(3,12,467.1333333333332)
(3,18,340.0)
(3,24,1308.11452136023)
(3,26,344.4666666666667)
(3,30,3669.5126984127)
(3,36,215.63333333333333)
(3,38,109.31666666666666)
(3,41,582.0982794982797)
(3,42,151.9745698745699)
(3,44,377.4968363807751)
(3,45,376.0)
(3,50,1070.3719891219891)
(3,52,168.08594412123824)
(3,103,189.0)
(3,108,189.0)
(3,114,612.6982794982796)
(3,175,179.16666666666669)
(3,194,379.10399248766794)
(3,217,185.66666666666663)
(3,228,363.16666666666674)
(3,284,154.6745698745699)
(3,322,189.0)
(3,386,189.0)
(3,485,265.08818607186146)
(3,739,189.0)
(3,1030,189.0)
(4,16,245.8079143079142)
(4,20,99.34104784104787)
(4,22,125.13908868908871)
(4,65,55.25477300477299)
(4,69,372.0)
(4,87,186.0)
(4,105,9.922222222222222)
(4,460,186.0)
(5,10,608.6224663064046)
(5,16,21.382178932178928)
(5,19,27.95000000000001)
(5,20,20.70357142857142)
(5,22,22.256421356421356)
(5,24,157.18797857191726)
(5,25,78.54067460317461)
(5,27,20.19047619047619)
(5,28,35.95000000000001)
(5,29,18.453571428571426)
(5,31,9.054761904761904)
(5,33,130.3082079920891)
(5,34,38.65383561199507)
(5,62,70.22698412698415)
(5,65,22.300793650793636)
(5,68,18.090476190476192)
(5,73,32.513755980861234)
(5,82,78.5406746031746)
(5,105,48.742724500883924)
(5,118,69.41666666666663)
(5,184,189.0)
(5,208,45.44999999999999)
(5,213,189.0)
(5,254,54.02486064659972)
(5,257,67.49999999999999)
(5,265,31.30476190476191)
(5,660,60.860845295055775)
(5,672,44.78784548784548)
(5,774,78.5406746031746)
(6,35,3.0)
(7,33,189.0)
(8,119,3.0)
(10,16,554.4504476817547)
(10,22,247.53829313960887)
(10,27,326.5918709809226)
(10,30,3986.487301587299)
(10,31,170.35557219199242)
(10,68,103.91666666666666)
(10,265,111.87023809523811)
(10,355,189.0)
(12,33,644.5901335727831)
(12,41,124.6017205017205)
(12,42,39.02543012543013)
(12,50,203.17801087801092)
(12,71,189.0)
(12,74,243.0)
(12,78,132.01666666666668)
(12,114,131.30172050172052)
(12,194,99.14115477380412)
(12,284,34.32543012543014)
(12,307,189.0)
(16,19,27.61666666666668)
(16,20,14.524639249639243)
(16,24,126.66509414640126)
(16,27,18.223809523809525)
(16,29,17.120238095238093)
(16,31,7.9714285714285715)
(16,33,112.91386534643067)
(16,34,37.820502278661735)
(16,62,67.22698412698412)
(16,65,16.28852813852813)
(16,68,17.423809523809524)
(16,73,31.30704602415127)
(16,95,189.0)
(16,105,42.48716894532838)
(16,145,83.38636363636363)
(16,208,45.44999999999999)
(16,254,53.02486064659973)
(16,265,31.304761904761914)
(16,463,66.16666666666663)
(16,644,78.0406746031746)
(16,672,43.12117882117883)
(18,41,14.999999999999998)
(18,50,21.0)
(18,321,189.0)
(20,22,17.264357864357855)
(20,24,99.45101008743035)
(20,27,20.33849206349205)
(20,31,11.642063492063484)
(20,33,60.89348616390211)
(20,62,31.239682539682534)
(20,65,4.101190476190476)
(20,73,14.724868990658468)
(20,105,16.073658346713373)
(20,257,26.738095238095234)
(20,275,40.785714285714285)
(20,463,26.404761904761912)
(21,39,96.0)
(21,66,2.5)
(21,146,2.5)
(22,65,15.029437229437214)
(22,73,15.358367509683305)
(24,29,35.459523809523816)
(24,65,81.69109135119575)
(24,74,238.07142857142856)
(24,120,500.21428571428567)
(24,145,105.61363636363635)
(24,532,189.0)
(24,697,189.0)
(26,41,25.53333333333333)
(26,42,8.8)
(26,483,189.0)
(27,29,17.644047619047612)
(27,31,5.842857142857143)
(27,33,89.15049669722845)
(27,34,21.842990885353313)
(27,62,41.11904761904761)
(27,65,17.435714285714276)
(27,68,6.728571428571429)
(27,73,18.87169628616997)
(27,265,14.520238095238092)
(27,660,35.59577352472091)
(27,672,26.685081585081583)
(27,762,189.0)
(29,33,16.426190476190474)
(29,65,4.851190476190476)
(30,475,3857.0)
(30,1620,3724.0)
(31,33,50.37260704302301)
(31,34,24.79865834671339)
(31,62,45.206349206349195)
(31,65,14.316666666666661)
(31,73,20.624868990658467)
(33,65,42.62178797904604)
(33,74,138.46428571428572)
(33,274,189.0)
(36,52,20.914055878761758)
(36,75,189.0)
(39,149,94.0)
(41,50,24.066666666666663)
(41,113,95.76666666666668)
(41,160,189.00000000000003)
(41,192,189.00000000000003)
(41,1256,93.60000000000001)
(43,50,189.0)
(45,277,189.0)
(50,78,56.983333333333334)
(50,113,94.40000000000002)
(50,227,189.0)
(50,328,185.83333333333334)
(50,590,189.0)
(50,1256,95.40000000000002)
(50,1303,189.0)
(54,102,1.0)
(54,125,188.0)
(58,166,2.0)
(60,74,189.0)
(62,2288,189.0)
(65,105,9.034657552019976)
(69,87,2.0)
(69,460,2.0)
(69,1111,189.0)
(74,120,60.785714285714285)
(74,728,189.0)
(87,460,1.0)
(90,114,189.0)
(102,125,188.0)
(105,672,3.3999999999999995)
(111,681,1.0)
(113,328,3.166666666666666)
(114,366,189.0)
(114,723,189.0)
(119,1615,3.0)
(119,2543,3.0)
(120,183,189.0)
(120,209,189.0)
(134,194,189.0)
(142,1231,1.0)
(166,245,2.0)
(175,194,9.166666666666668)
(175,217,3.333333333333333)
(175,228,4.0)
(194,196,113.74514726147187)
(196,414,8.833333333333334)
(196,485,82.08818607186141)
(228,414,182.16666666666666)
(283,2281,1.0)
(359,468,1.0)
(475,713,186.33333333333331)
(475,1072,186.0)
(475,1270,93.33333333333333)
(475,1565,95.0)
(475,1620,2.0)
(475,1761,3335.0)
(475,2479,189.0)
(475,2575,94.5)
(475,3280,94.5)
(497,935,4.0)
(497,1530,4.0)
(497,1992,4.0)
(497,2116,4.0)
(541,780,108.5)
(541,1498,1.0)
(541,1648,79.5)
(576,1033,1.0)
(640,1245,186.0)
(640,1355,1969.0)
(640,1794,186.5)
(640,1866,187.0)
(640,2113,189.0)
(640,2150,186.5)
(640,2188,189.0)
(640,2606,189.0)
(640,2876,187.0)
(640,2953,187.0)
(640,2955,187.0)
(659,661,1.0)
(713,752,93.5)
(713,1072,1.3333333333333333)
(713,1620,184.33333333333331)
(713,2976,93.5)
(752,1072,94.5)
(752,2976,1.0)
(780,871,14.5)
(780,915,3.5)
(780,1136,780.0)
(780,1197,90.5)
(780,1206,90.5)
(780,1355,158.0)
(780,1408,189.0)
(780,1418,764.75)
(780,1498,108.5)
(780,1508,14.750000000000002)
(780,1648,13.75)
(780,1918,16.25)
(780,2005,27.0)
(780,2097,90.5)
(780,2332,90.5)
(780,2374,90.5)
(780,2414,96.5)
(780,2694,90.5)
(780,2696,90.5)
(780,2801,90.5)
(780,3000,90.5)
(780,3063,90.5)
(780,3102,90.5)
(780,3128,90.5)
(780,3268,90.5)
(871,915,12.0)
(871,1136,82.5)
(871,1418,76.25)
(871,1508,1.25)
(871,1648,2.25)
(871,1918,1.75)
(909,1136,102.5)
(909,1418,86.5)
(915,1136,624.5)
(915,1197,86.5)
(915,1206,86.5)
(915,1355,116.0)
(915,1418,612.25)
(915,1508,12.25)
(915,1648,13.25)
(915,1918,12.75)
(915,2097,86.5)
(915,2332,86.5)
(915,2374,86.5)
(915,2414,92.5)
(915,2694,86.5)
(915,2696,86.5)
(915,2801,86.5)
(915,3000,86.5)
(915,3063,86.5)
(915,3102,86.5)
(915,3128,86.5)
(915,3268,86.5)
(1072,1270,3.3333333333333335)
(1072,1620,184.0)
(1072,2976,94.5)
(1136,1355,1862.0000000000005)
(1136,1418,7.750000000000002)
(1136,1508,82.75)
(1136,1648,160.75)
(1136,1723,29.0)
(1136,1761,4234.0)
(1136,1913,189.0)
(1136,1918,158.25)
(1136,2005,162.0)
(1136,2739,102.5)
(1136,2901,29.0)
(1136,2997,189.0)
(1197,1206,1.0)
(1197,2097,1.0)
(1197,2332,1.0)
(1197,2374,1.0)
(1197,2694,1.0)
(1197,2696,1.0)
(1197,2801,1.0)
(1197,3000,1.0)
(1197,3063,1.0)
(1197,3102,1.0)
(1197,3128,1.0)
(1197,3268,1.0)
(1206,2097,1.0)
(1206,2332,1.0)
(1206,2374,1.0)
(1206,2694,1.0)
(1206,2696,1.0)
(1206,2801,1.0)
(1206,3000,1.0)
(1206,3063,1.0)
(1206,3102,1.0)
(1206,3128,1.0)
(1206,3268,1.0)
(1245,1794,1.5)
(1245,1866,2.0)
(1245,2150,1.5)
(1270,1620,92.33333333333333)
(1418,1508,76.0)
(1418,1648,152.0)
(1418,1723,13.0)
(1418,1761,1898.0)
(1418,2739,86.5)
(1418,2901,13.0)
(1498,1648,79.5)
(1508,1648,2.0)
(1565,1620,94.0)
(1620,1761,3289.0)
(1620,2575,93.5)
(1620,3280,93.5)
(1723,1761,146.0)
(1723,2901,1.0)
(1761,1861,189.0)
(1761,2901,146.0)
(1794,2150,1.0)
(2097,2332,1.0)
(2097,2374,1.0)
(2097,2694,1.0)
(2097,2696,1.0)
(2097,2801,1.0)
(2097,3000,1.0)
(2097,3063,1.0)
(2097,3102,1.0)
(2097,3128,1.0)
(2097,3268,1.0)
(2332,2374,1.0)
(2332,2694,1.0)
(2332,2696,1.0)
(2332,2801,1.0)
(2332,3000,1.0)
(2332,3063,1.0)
(2332,3102,1.0)
(2332,3128,1.0)
(2332,3268,1.0)
(2374,2694,1.0)
(2374,2696,1.0)
(2374,2801,1.0)
(2374,3000,1.0)
(2374,3063,1.0)
(2374,3102,1.0)
(2374,3128,1.0)
(2374,3268,1.0)
(2517,2744,1.0)
(2575,3280,1.0)
(2694,2696,1.0)
(2694,2801,1.0)
(2694,3000,1.0)
(2694,3063,1.0)
(2694,3102,1.0)
(2694,3128,1.0)
(2694,3268,1.0)
(2696,2801,1.0)
(2696,3000,1.0)
(2696,3063,1.0)
(2696,3102,1.0)
(2696,3128,1.0)
(2696,3268,1.0)
(2801,3000,1.0)
(2801,3063,1.0)
(2801,3102,1.0)
(2801,3128,1.0)
(2801,3268,1.0)
(2862,2985,1.0)
(2876,2953,1.0)
(2876,2955,1.0)
(2953,2955,1.0)
(3000,3063,1.0)
(3000,3102,1.0)
(3000,3128,1.0)
(3000,3268,1.0)
(3063,3102,1.0)
(3063,3128,1.0)
(3063,3268,1.0)
(3102,3128,1.0)
(3102,3268,1.0)
(3128,3268,1.0)
